 0.00675538
-0.00360838
  0.0880269
  0.0336798
   -5.31369
  -0.425845
   -6.05646
   -0.18459
  -0.494806
  -0.976477
   0.305883
  -0.551744
   0.180242
   -5.89359
     1.8305
 -0.0167401
    0.24323
  -0.352981
   -0.34006
   -5.64864
    0.92913
 -0.0813131
   0.577211
  -0.250722
  0.0615041
  -0.730094
  -0.818366
  -0.233949
    5.99964
   0.292697
  -0.206103
   0.337544
    6.32393
   -6.00552
    0.36521
  -0.274907
    0.63942
   0.315948
  -0.372043
   -0.37524
    6.46629
   0.299723
   -6.13834
    6.33561
   0.324447
  0.0534409
    0.53692
   0.421214
  -0.110656
   0.247116
  -0.927909
   0.380368
   0.350969
   -6.00356
   -5.88817
  -0.666195
   0.361251
   0.304358
   0.162749
    5.89848
   0.610065
  -0.872893
   0.167533
   -6.02489
  0.0033845
   -6.48443
   0.391318
   -0.49032
  -0.687522
   0.121913
  -0.050575
 -0.0595509
   0.202276
   -0.46526
   -0.34672
    0.39043
   0.211887
     5.9144
    6.25771
  -0.439912
  -0.259863
   0.247237
   0.410051
  0.0851257
    6.35372
   0.602956
   0.107205
   0.350134
 -0.0376134
  -0.389184
   0.443109
   0.261139
    6.54911
   0.315375
    6.59254
  -0.723904
  -0.191768