 -0.818031
  -1.82854
  -1.24461
   0.81398
  -1.32882
   5.24326
   1.53452
   1.62795
  0.910218
  0.532701
   2.89558
 -0.251142
   3.07145
 -0.672546
  0.661562
 -0.627302
  -1.10648
  -1.92684
   1.80376
 -0.385922
  -1.62307
  0.470304
  -1.87402
  0.424203
  -4.38062
  0.488655
  -1.75111
  0.928358
  -1.02087
 -0.591215
 -0.955709
  -1.28033
  -1.74838
  0.163227
  -1.89064
  -1.33005
   2.34611
  -1.35506
-0.0254786
  0.463367
   5.09034
 -0.673108
 -0.296504
  0.279929
  0.434735
  0.354118
  -0.64992
  -1.34659
  -5.02085
   1.76274
   3.16216
  -4.95366
  -1.82258
 -0.572762
 -0.378547
  -2.25129
  0.234162
   4.89136
  -1.80471
  -1.42497
  0.170784
  -3.07649
-0.0714995
   1.97332
 -0.160471
  -1.69208
 0.0302393
  -1.18389
  0.248708
  -3.17193
   1.86403
  0.420823
   1.27532
   -1.1125
   0.40429
  -1.78449
  -0.72593
  -1.06582
   1.08829
  -1.49919
   0.64761
  0.104638
   3.49109
  -1.03795
  -1.48207
  0.170939
  -3.31483
  0.214774
   4.75384
  -1.51049
   0.12631
 -0.388685
  -2.55477
   1.40864
   2.22149
   1.33297
   -1.0222
   2.12333
   1.06673
0.00445914
 -0.143934
  0.950634
 0.0885016
   1.46734
  -1.25349
  -2.12759
  -1.97986
 -0.314965
  0.347412
  0.446275
  0.201361
    1.6628
  -1.04121
  -2.37638
   2.82455
  0.611494
 -0.863928
   6.05826
  -1.16429
  -2.08802
 -0.950267
  0.170768
 0.0313703
 -0.695976
   1.50149
  -1.46033
-0.0477296
   1.68719
  -1.04728
 -0.629552
 -0.384933
 -0.887134
   2.32075
 -0.233017
  -1.06245
   0.91604
  -0.72547
  0.428032
  -1.38437
 -0.810826
  0.899332
  0.170821
 -0.975885
   4.57356
 -0.174049
 -0.209783
  -1.04546
  -1.80267
  -1.16219
   1.33411
   1.49395
   -3.6179
   1.69853
   1.72165
   2.31662
  0.951876
  0.729245
   1.69051
   3.40184
 -0.382557
 -0.798758
   2.84124
   1.46806
  0.497053
  0.385247
  -1.09571
-0.0499656
   1.82757
  0.257314
  -2.99917
   -1.3233
  -1.90496
   2.27005
   1.40178
  0.341444
  -1.39752
  -1.22589
  0.462033
  0.687018
 -0.150432
    2.5704
  -4.04213
 -0.765287
   1.72929
  -1.59867
 -0.511553
   1.75802
    5.2157
 -0.182069
  -1.49286
 -0.868005
   1.18745
  0.188857
   2.27915
  0.119051
  -1.31785
   2.54471
    1.5454
  0.919963
  -2.32159
  -4.64725
   1.21769
    1.3974
   3.19392
  -2.97127
   1.27474
  0.298822
   1.34766
 -0.783156
  0.354489
    1.6602
   1.36417
   1.53342
  0.610661
 -0.367739
    1.4488
-0.0110173
  -3.37983
  -1.78304
   2.41822
 -0.799911
 0.0456029
   2.06638
   4.71205
  0.175918
   0.70451
  0.928999
 -0.416053
    6.0528
  0.272895
  0.824727
   1.37032
   1.00521
  -1.40414
  0.582394
  -1.24674
  0.876719
   1.25528
   7.11848
  -2.99219
  -2.85861
   1.32286
   1.84923
 -0.165561
-0.0903552
   1.24796
 -0.516314
  -1.25606
   0.89916
  -1.47287
  0.809431
  -1.00815
   7.14015