  0.118608
 -0.376583
  -1.46298
  0.569459
   2.40372
  -1.51533
   3.02235
  0.508692
  -4.32156
   1.11717
 -0.849305
  -1.90312
  -1.39913
   1.44463
  -1.34171
   2.10181
  -3.50792
 -0.424879
  -1.26116
 -0.347145
  0.972063
  -1.10109
   1.57935
  -2.27374
    1.7631
  -1.20923
   1.21313
 -0.907027
  -0.86503
 0.0775744
  -5.32872
  0.336857
   2.07514
   -1.6087
  0.430933
  -1.02923
 -0.439836
  -2.99238
   4.68481
  -5.80861
 0.0388187
   2.02269
 0.0226803
   -5.9623
  -3.80625
   2.66096
   2.89527
   1.94696
   1.90781
 -0.527053
  -4.51842
  0.633331
  0.556503
  -0.40107
  0.617254
   1.50467
 -0.193822
  -1.26764
   1.22567
   2.96811
 -0.693202
 -0.685251
  0.564621
   1.01318
  0.127896
  -1.96582
 -0.617903
    1.1163
 -0.554098
   2.19118
  -1.31465
  -2.53377
   2.56275
  -0.74565
    5.7016
  0.344201
-0.0406931
  0.114061
   0.39777
  -1.49284
  -1.75564
   1.35202
 0.0318561
   1.12296
 -0.427043
   0.56177
  -1.37594
   1.41131
   0.88878
  0.507044
  -2.26328
   1.94409
  -1.63813
 -0.875678
 -0.140919
  -1.78279
  -1.12065
 -0.787525
 -0.361242
  0.651846
  -2.07263
    1.8739
   5.19929
  0.216316
  -2.64782
   2.92591
 -0.928948
  -0.40425
   4.30022
   1.16332
  -1.90933
    -3.838
 -0.466752
   -2.1966
   2.51886
 0.0265078
  -2.28167
  0.676234
  -2.39401
  -5.39425
  -5.39429
  -4.58355
 -0.350667
  0.373672
 0.0243994
   1.89798
 -0.728735
  -1.76408
   2.82667
  -1.00141
    1.4306
  0.036899
   0.74671
-0.0466196
  0.271432
  0.974539
    1.0787
  0.258178
 -0.242503
   1.52528
 -0.686516
   3.21866
  0.132351
  0.903723
   3.03928
  -1.69448
   2.76887
   1.24444
  0.210153
  0.862387
  -1.33017
  0.538342
 -0.644933
 0.0987554
  -1.77528
  -4.16837
  -1.20926
 -0.909182
   0.34948
  -1.41745
   1.54684
  -1.42302
   2.32167
  0.365397
   1.60728
 -0.909315
    1.5981
-0.0531174
  -2.75869
 -0.811765
  0.629133
  -2.86114
  0.540904
  0.657607
   1.56658
 -0.297845
    3.5788
    1.9794
  -1.45105
   1.22345
   1.33772
 -0.328231
  0.219687
-0.0718798
  -1.18806
   4.42374
 -0.823332
  0.279349
   1.62984
   0.69184
   3.39247
  -1.64162
  -4.90638
   1.10682
  0.099385
    1.6132
-0.0550375
   2.43771
  0.791239
  0.179093
 -0.512959
  -1.03466
  -2.65547
  0.404428
 -0.948075
  0.564019
 -0.430704
  -1.46357
  0.516091
  -1.23225
 -0.103917
  0.913653
    1.9491
  -1.15255
  0.198648
 -0.046773
  -1.90314
  0.885803
  0.259289
  0.233412
  -1.74987
   1.08929
 0.0257823
  0.179375
 -0.880394
 0.0605652
  0.438108
  -3.87261
   1.41731
 -0.304984
   2.26073
  0.102222
 -0.156843
  0.638421
   1.74623
 -0.913266
 -0.999838
   1.23147
 -0.686845
  -2.42658
 0.0128076
  -1.41235
   2.31343
   5.42063
   -5.7477
  -3.23723
 -0.267325
   5.70389
-0.0182727
  -1.24876
  0.326565
-0.0611357
   2.33541