 0.0107722
  0.525517
   6.24836
 -0.407198
 -0.487617
  -5.87593
 0.0437411
    6.1147
  0.137336
 -0.327267
 -0.219436
  0.207309
  -6.42373
  0.590032
 -0.110159
    5.9276
  0.405551
  -6.47797
 -0.350292
 0.0766568
 -0.496181
 -0.245722
  0.206362
  0.401657
  -6.24392
 -0.722686
  0.494758
 0.0464975
   6.34696
 0.0199157
 -0.144519
 -0.507767
  0.722945
-0.0899521
 -0.111655
   -0.1147
    5.8222
-0.0682406
 0.0326534
 -0.386376
 -0.815455
   0.28166
  0.189041
 -0.435476
 -0.308852
  0.407837
  -0.56286
 -0.140202
  0.368346
  -6.48015
 -0.171624
 -0.798606
   -6.3265
    6.0824
 -0.453461
  -6.54527
-0.0396738
  0.279275
    5.2371
 -0.326569
  0.504032
  0.254247
 -0.169631
 -0.213011
 -0.669223
 0.0595913
 -0.934547
 -0.103495
0.00647334
   5.56555
 -0.478793
   1.01905
 -0.848448
  0.028151
  0.340999
 -0.469878
   5.94784
  0.346068
  -6.52965
  0.136705
 -0.631897
 -0.177048
  0.488299
   5.81379
  -6.38945
 -0.247545
 -0.133133
-0.0674222
 0.0662346
  0.813307
  -6.28005
  0.168829
  0.679637
  0.856575
 -0.204565
  0.825245
  0.208377