  0.342428
-0.0640726
  -1.21244
 0.0722513
  -1.37064
  0.208486
   1.12592
 -0.166099
 -0.312184
 -0.754125
  0.379141
-0.0146234
  -1.28395
 -0.734406
  0.778741
   1.00176
    4.5768
   1.13841
  -1.16785
  0.142001
  0.731279
-0.0260055
   5.31133
  -3.74443
   1.39706
   1.57077
0.00596678
  0.606039
   1.85389
  0.750046
0.00141808
 -0.912246
   1.32851
  -3.52455
     1.733
    -1.297
  -1.40986
  -2.03761
-0.0152568
  -1.26772
 0.0909528
  0.752591
   1.34945
  0.178859
 -0.884129
  0.505734
   2.76529
 -0.479065
 -0.791768
 -0.728103
  0.684812
   1.14045
   2.06053
  0.605805
  0.749956
  0.114874
  0.987811
   1.60023
 -0.310836
   1.63389
   4.77421
  -1.81562
  0.553908
 -0.109883
 -0.630392
  0.370672
   2.66794
  -2.39856
   1.38037
  -1.21977
 -0.170535
 -0.646826
  0.324503
 -0.569103
 -0.159587
   1.27286
  0.708051
   1.38651
   1.56237
  0.904832
 -0.935592
-0.0839477
 -0.898937
   1.08723
  0.144706
  -1.00678
  -2.34342
  -1.10961
   -0.2583
 -0.463096
   1.03062
 -0.822886
   1.24585
  0.094707
  -1.85176
 -0.808229
  0.210081
   1.50565
   1.78048
 -0.350329
 0.0681691
  -3.13691
 0.0254226
 -0.211248
   1.88152
  0.905232
   5.51976
  0.983254
 -0.279206
  -0.32015
 0.0199236
   0.10955
  -2.76456
  0.133869
  -1.62535
  0.481658
 -0.415117
   0.62189
 -0.286066
  0.817724
  0.487277
  0.688251
  -1.00724
  -1.38372
  -1.53406
  0.853725
  0.831878
   1.94842
 -0.988008
 -0.536631
  0.283383
  0.501791
  -2.24478
  -1.18971
   1.83755
  0.335911
 0.0854022
   1.98108
-0.0617024
   1.55542
   1.68331
  -2.45933
   0.10452
  0.462103
  -1.67956
-0.0565563
  -1.54309
 -0.374805
   3.96101
  -1.28293
  -1.29277
  0.329334
  -2.27467
  -2.72216
   1.09998
  -1.16548
  -0.83511
   3.90921
  -4.51881
 -0.158867
  0.794905
  -3.15249
   1.07245
  0.389377
   -4.2791
 -0.268827
 -0.857074
  -2.73786
  0.957814
 -0.068064
 -0.971907
    2.3225
  0.315014
   1.10637
  -1.74357
  0.482532
    -2.262
   1.50872
  -1.74098
 0.0920974
  -1.07357
   2.27432
 -0.162003
    1.2029
 -0.536089
   3.08038
   0.35887
  -0.36631
   1.04282
   3.58569
 -0.857325
   1.49827
 -0.804105
   1.63419
  0.489024
 0.0646169
 -0.434519
  0.270663
  -1.51228
   1.51732
   2.57819
  0.212305
  -1.04087
 -0.983814
 -0.443786
  -2.82261
   1.32211
  0.999107
   1.23987
   1.46072
-0.0182622
  -1.20797
   1.35397
   6.74024
    2.2334
 -0.717891
 -0.131725
   4.33772
-0.0190597
   -1.1053
 0.0689545
   1.47116
   1.01623
  -4.71661
  0.249104
  0.531159
 -0.147922
 -0.188578
  0.294783
  -3.61443
  0.699519
 -0.750543
  0.554619
  -1.82933
  0.760011
  -3.30539
  -1.58486
 -0.812784
 -0.921155
 -0.154462
  0.934521
   1.10991
  -2.79926
  0.948459
  -1.68357
   1.28689
   3.03911
   3.17931
   1.33401
   4.46627
  -1.02145
  -1.60869
  0.907308