   -0.29118
   -1.03628
   -0.16535
   0.190162
 -0.0809015
   0.494717
   -3.06265
   -1.19238
    1.98201
   0.122465
  0.0634031
  -0.654429
   0.131748
    1.40846
  -0.247263
  -0.299673
   -1.72036
   0.965423
   -0.53906
    1.44961
   -1.88272
  -0.871651
   0.012615
   0.527224
   0.802336
   -2.62395
  -0.998446
    2.47541
   0.338381
 -0.0620799
  -0.795042
  -0.717642
   -1.55696
  -0.362489
    1.53399
    1.23752
   0.387169
   -1.23746
   -1.39623
    1.99988
   -2.38995
    1.66894
  -0.451094
    1.69715
   -1.19188
   0.524114
    1.50256
    1.22109
  -0.700228
  -0.779528
    2.91993
   -1.97526
  -0.331522
  -0.198577
 -0.0502193
    2.32435
  -0.662675
   -2.97766
  -0.921487
  -0.184016
  -0.932484
    2.55178
  -0.956699
  -0.887403
    2.65618
  -0.849943
   0.638555
    2.88995
   -1.57817
   -5.95581
  0.0730397
   -1.26013
   -3.00998
    1.20865
   -2.02515
   -1.32631
     2.2874
  -0.350068
   0.693381
    3.34843
 -0.0102583
   0.235286
    2.53886
   -1.19412
    0.73387
   -1.51186
   -1.80056
    1.43118
  -0.122969
     3.0677
    0.82071
   0.123797
    1.31107
   -2.46581
  -0.311469
    3.35867
   -1.77981
    1.20503
  -0.633816
   0.118232
    -3.7961
   0.957979
 -0.0497634
  -0.425363
  -0.163642
    -4.7164
    -2.6326
    1.92855
  -0.956466
  0.0894008
  -0.625942
   -1.11256
    1.11306
    1.26201
   0.158383
  -0.919626
   -1.37189
   0.281814
   -1.67753
   0.056509
    2.75306
   0.243577
  -0.114209
 -0.0777579
    1.74112
   0.420887
    1.08293
   0.280483
   0.994472
 -0.0530411
   -1.43582
  -0.554481
   -1.72362
  -0.299816
    1.80676
   0.141683
   0.934874
   0.864639
  -0.915849
  -0.051331
    1.20678
   -1.92126
   0.746683
   -1.20419
   0.784784
   -1.47479
    -5.3785
   -3.68834
   -1.07882
   -1.05934
  -0.632471
     1.1864
   -1.02617
   -3.70588
   0.382917
  -0.513525
   -2.18491
    2.95025
   0.501018
    1.97349
   -2.77349
   -1.61115
  -0.776981
   -6.39854
  -0.238105
   -0.76587
   -1.08464
   0.855655
  -0.246471
   0.437881
   0.434105
  -0.153486
   -0.89194
  -0.998539
  -0.298352
   0.121933
   -1.47189
   0.838678
   0.117411
  -0.474112
   -4.03141
    1.18907
    1.44168
    2.79885
   -0.44451
     2.4899
   0.958041
  -0.484184
   0.444818
    4.41813
   0.806119
   0.727498
    0.37111
   -1.95486
   -1.57494
   0.451982
   0.560807
    1.17714
   -1.46103
 0.00147871
   0.691544
    3.62486
  -0.968921
   0.532665
   -3.71903
  -0.524788
  -0.450801
 0.00933788
  -0.828851
-0.00101896
   0.364087
   0.658714
   -1.49463
    1.75711
  -0.258377
    3.06963
  -0.485571
    1.50062
    3.27179
  -0.472398
    1.63752
   0.813531
    2.89031
   0.419327
   -1.88298
 -0.0395417
 -0.0167074
   -1.23063
  -0.249459
   -1.33402
 -0.0933498
   -1.83637
   0.204347
    4.82922
   -1.22516
   0.961748
   0.011286
   -1.38064
    1.86665
   -1.74693
  -0.398946
   0.721592
   -1.11213
  -0.713578
  -0.210993
   -1.06466
   -0.51525
  -0.892749
   -0.25698
  -0.196786
  -0.925819
   -1.91486
    1.04624