  0.435456
 -0.785076
   0.23783
-0.0164882
 -0.722176
  -2.91382
   1.67328
   1.89701
   -4.3429
  -3.70771
  -2.00474
  -3.02915
  -4.37002
  -0.17879
  -1.35474
   4.14569
  -1.49785
  -4.70533
  -1.68274
   4.23866
 -0.250349
  -3.96619
   4.00507
 0.0987629
   1.48735
 -0.752388
   4.81365
 -0.378351
 -0.432524
 -0.595402
   0.30916
 -0.289025
 -0.599602
 -0.207224
   4.24259
   4.69474
  -1.18937
  -2.25832
  -3.07665
  -4.18222
   4.51861
   -1.5988
  -1.21353
  -1.04176
  -1.03541
  -2.17014
 -0.320266
  -3.90457
  -5.45978
  -1.14751
-0.0168425
 -0.187326
    4.2909
 -0.497869
  -3.10175