  0.673733
 -0.138351
  0.757715
 0.0743231
  -0.50336
  0.734568
 -0.761693
  -1.18578
  0.628943
 -0.131538
  0.150034
   1.00441
 -0.628121
   0.70724
 -0.956451
  -1.11237
  0.495766
   4.39593
  0.405245
  0.627629
  0.176661
   1.00902
 -0.921845
-0.0325183
  -1.29706
  0.469967
   0.96539
  0.103931
  0.308375
  0.963107
  -1.05863
 -0.306559
  0.288224
 -0.114809
 0.0582747
 -0.543565
 -0.754817
  0.617506
 -0.601447
 -0.918639
   0.31009
 -0.828125
 -0.625459
-0.0260768
  -1.31641
   0.35151
   1.17786
  0.136148
   1.38966
  0.433257
  0.862154
0.00287173
   1.66025
 -0.010793
  0.220339
   1.03785
  0.961385
  0.347969
 -0.994282
 -0.264055
  -2.13596
 -0.728931
  0.920118
 -0.232526
   1.22847
   2.10003
 -0.329503
   0.26802
 -0.397675
 -0.229988
0.00378613
  0.136327
  0.868342
 -0.737649
 -0.942667
  0.268072
 -0.263792
  0.114859
 -0.825941
  0.714622
 -0.462186
 0.0336872
   2.51095
  0.485805
 -0.830073
 -0.453509
  0.150779
  0.152005
 -0.902485
  0.737046
  -1.70311
  0.300161
   1.33034
  0.505953
 0.0898346
 -0.232248
 -0.234798
 -0.675881
   1.14574
-0.0827184
  0.352116
  0.587144
  -1.98923
   1.20533
 0.0589967
  -1.46884
  0.389709
 -0.788828
  -1.28106
 -0.148243
 -0.406006
 -0.130227
  -1.17227
 -0.400062
  0.957038
  -1.52068
  0.330795
   1.24541
 -0.168704
 -0.938348
  0.736358
 -0.161745
  -1.03043
  0.485932
 -0.367199
  0.138249
   -0.1361
    1.6283
  0.171626
  -1.05065
-0.0510413
-0.0424229
 -0.365303
  0.662558
 -0.329122
 0.0613364
   1.14725
  -0.38933
     1.758
   1.26379
  0.810149
  0.838806
 -0.285576
  -1.35782
  0.190133
   1.98365
   1.19397
   1.75655
 -0.955463
   0.38551
 -0.107107
  0.679154
   0.52952
 -0.048329
 -0.526613
  0.565435
  0.762114
   1.86762
 -0.418435
-0.0766143
 -0.286254
   1.20723
  0.931167
 -0.138031
 -0.159021
  -1.38352
   0.75484
  0.113727
 -0.330176
  0.608462
-0.0181244
  -1.29103
  -0.97793
  0.940531
   1.74358
  0.631586
   0.56786
 -0.306549
  -0.13296
   2.44393
   1.91253
 0.0650804
 -0.875549
  0.171026
 -0.474198
 -0.605262
 -0.839977
 -0.255489
 -0.137118
  0.903921
 -0.537911
  0.504654
 0.0949095
  0.692077
  0.787467
-0.0875824
  0.203188
 -0.142475
  -1.42981
  0.555032
  -1.34117
   0.76749
   1.10709
 -0.278197
  0.279423
  -1.30922
  0.249139
  0.384669
  0.242786
  0.302749
   1.06325
  0.178713
   1.17462
  0.243121
 -0.377764
   1.93971
  0.571878
-0.0302773
 0.0698631
  0.270115
 -0.129045
 -0.172467
 -0.535605
 0.0880976
-0.0983552
  0.687061
 -0.486097
 -0.116982
  0.545096
-0.0298334
 -0.816356
 -0.778972
  -0.88853
  -1.13051
 0.0143048
  -1.67622
 -0.167694
  0.101253
0.00174485
 -0.735717
  -1.99135
  -2.14156
 -0.123628
 0.0319724
  -1.08335
   3.61349
  0.030336
  0.735056
0.00744129
 -0.667756
  0.832914
 -0.632667
 -0.559273