  -0.416383
    1.61336
  -0.178817
  -0.141087
   0.440107
   -1.39841
    1.23353
   0.893586
    -1.0314
  -0.285798
  -0.933738
    1.70936
    1.06788
   0.407059
   -1.52464
  -0.482998
   0.734607
    1.05831
 -0.0606729
   0.450205
  -0.241602
    1.19041
   0.805578
 -0.0104783
   0.193746
   -1.52546
  0.0563611
0.000385941
     1.8137
  0.0548749
    1.67053
  -0.768169
  -0.587948
    0.48056
   0.737774
   0.608287
   -1.00175
   -0.64923
   0.110871
   -1.10948
    -1.1467
  -0.361359
 -0.0977554
   -2.17221
  -0.651975
   -1.31174
   0.603051
 -0.0608938
   0.436941
   0.436762
  -0.278252
 0.00989362
   -1.21406
   -1.33355
  -0.213367
    1.50137
   -1.08057
  0.0625869
  -0.103918
  0.0965617
   0.941526
    2.79308
  -0.819434
  -0.331314
    0.43936
  -0.243241
   0.465155
  -0.530101
   0.147638
 -0.0293881
     1.1738
  -0.980343
  0.0878542
    1.26847
  0.0177018
   0.387307
  -0.488842
    1.97167
    -1.6163
   -1.19382
   0.972077
     1.6194
  -0.564513
    1.25173
    1.80481
   0.250157
  -0.172941
   0.494201
 -0.0954963
  -0.400419
   -1.81457
  -0.117962
  0.0176492
    0.53484
   0.808821
   0.833146
 -0.0598668
 -0.0969597
    0.14018
   -1.44736
  -0.509381
   0.259268
  -0.328329
    1.54485
   -1.36151
   0.458551
  -0.570298
  -0.367949
   0.265803
  0.0724179
   0.358517
  0.0206895
  -0.635742
   0.919936
  0.0862926
    1.02808
   0.410356
  -0.306002
  -0.572798
   0.200515
   0.332075
   -1.66501
  -0.914558
  0.0754418
   -1.00464
   0.178796
  -0.275804
    1.24286
   -1.64661
   0.458477
   0.934962
  -0.355774
    -1.2801
    2.80067
   0.816393
  0.0428941
  -0.501818
  0.0630125
   -1.39542
  -0.194791
  -0.696885
   0.398076
   0.943004
    -1.7057
  -0.925619
   -1.69623
   0.123786
  -0.111064
     0.1577
   0.390443
  0.0969974
   -1.01591
   0.221006
    1.30663
   -1.06222
   -1.58116
  0.0132711
   0.554252
  -0.650623
 -0.0921353
  0.0958971
   -1.11616
   0.454997
    1.41916
  -0.843366
    1.18807
   0.921965
    0.60475
  -0.590385
   0.399886
  -0.402244
   -0.12605
  -0.623938
  -0.777448
  -0.992234
  -0.319869
   -1.46086
  -0.476846
   0.462198
  -0.900776
  -0.124225
    0.93215
   0.399715
    -3.7422
   -1.47225
   0.366123
  -0.220363
  -0.783442
    1.36351
   -1.56373
     1.2629
   0.348814
  -0.639635
    0.57589
  -0.195042
   -1.56615
  -0.537817
  -0.249535
    0.44917
   -1.02274
  -0.181116
   0.601147
  -0.360297
   -1.50266
  -0.292454
   0.617913
    1.82451
    0.67701
   0.239803
   0.344159
   0.158977
 -0.0491978
 -0.0388054
   0.927713
  -0.307244
  -0.423193
 -0.0849978
  -0.144965
    -2.6777
   -1.65819
   -1.18573
    1.01611
  -0.549285
   0.116591
   0.960836
    1.62478
  -0.127314
   0.456514
   0.162872
    1.62948
  -0.323934
   0.207454
   0.657288
   0.138381
   0.932333
    0.46915
   0.541311
   -1.84521
  -0.365465
-0.00491576
   -1.02848
   0.293413
  -0.559671
    0.64125
  0.0788612
   0.712486
  -0.121158
  -0.482087
  -0.596253
 -0.0662035
  -0.340913
  -0.545264
  -0.981151