  -2.64985   -2.90587   -3.57673    -10.141    -4.0737   -9.86698   -2.76356   -4.67879   -9.20465   -10.3191    -6.9886   -1.88301   -3.66868   -4.30151   -5.07937   -9.82103   -3.54228   -5.76852   -2.38731   -5.50195   -6.01645   -2.02458   -2.87578   -3.27184    -3.3405   -6.56167   -3.04592    -4.9101   -10.4423   -3.33015   -3.22276   -2.52637    -7.8713   -2.15548   -6.65685    -4.5299   -2.24492   -2.96968   -8.49305   -3.32305    2.04391   -7.55168    -4.5858   -6.65299   -5.34654   -3.02823   -7.65503   -10.8521   -3.19698   -2.05184    -2.8722   -2.97027    -2.3179   -5.06466
   1.07394   0.357558   0.431528   -4.11444    1.19595    2.83309  -0.215843   -1.87371    3.91426    2.76242   -3.12533   -1.65823   0.367551   -2.95185   0.705626    3.26729    0.59113   0.526315  -0.392302    1.38948   0.577708   -1.32307   -1.50562   -1.50803   0.600755   -3.19559    0.92426   -1.82648   -3.64137    1.32254   -2.82302  -0.291797   -3.53327   -1.56175   -2.91115  -0.485176   -2.19698 -0.0341469   -4.35032  -0.794338   -1.27836   -2.44474   -1.30511   0.270864   -4.02746   -1.93236   -3.44758    4.55021    2.94745   -1.29002   -1.60741   -1.04223   -1.49965    1.84578
 -0.676438  -0.559343   -1.93626    3.08035    1.07495   -4.12692  0.0953444   -2.50798   0.495002    2.74921   -4.24159   -1.45575   -1.72999   -3.03181  -0.891141    2.95634   -0.67522    -1.3142  -0.538895   -3.83751 -0.0659721   -1.83567   0.787818    2.26605   -0.14487  -0.533636   -1.21509   0.955718   -4.23692   0.517645  -0.265223   -1.81513    1.11583   -1.07551   -3.22763   0.426918   -2.09252   -3.08924    -3.3783   -1.06937   -4.19242   -3.36621   0.381821   -3.43801   -4.35236   -3.67457   -3.10337     3.9824 -0.0685408    -1.4658   0.168606   0.820611   0.131073   0.914479
 -0.334436   0.604683    2.48709    2.86717   -0.31027    3.28252   -1.17847   -1.45725    1.79077   -4.55338    1.28029   -1.14641   0.298832   -3.82384   -1.51823    3.31313   -0.02068   -3.22747   -1.00119   -3.60606   0.679815    -1.8967   0.385018   -2.21195   -2.14532  -0.963545   -5.45922  -0.261247   -2.98608   -0.39153  0.0387314  -0.564927   -4.57679   -1.09879   -2.88878   -2.46678   0.161981   -1.60428   -3.36655  0.0691871  -0.903696   0.231762   0.918772    -1.5561    1.62884  -0.412368   -3.68272   -1.85702    -1.0534   -1.37433    1.70537   0.638119  -0.278122    1.27068
 -0.933957    -3.5684   -1.66339    2.58284    1.84175    3.04648  -0.371139   -1.51718    1.60926    3.06046   -3.48421   -0.97385   -1.68178   -1.94964   0.488006   -4.20066   -2.86633    1.28966   -1.28196   0.215584   -3.58482   -1.28391  -0.581418   -0.29865   0.748181     3.4555  -0.942005  -0.081939    2.33304   -1.43318    1.65325  -0.946921   -4.34594    -1.1393   -3.53606   -2.26255   -1.06302   -3.28651   0.794462    1.16503   -4.02348   -3.50668   -1.16628   -3.28475   -1.31574   -1.11042   -3.28364    3.56183  -0.100088   -1.22509    1.61988   -2.40627   0.205108  0.0408252
 -0.981844  -0.215039   -1.50846   -4.21497  -0.602328     -3.323  -0.876548  -0.151289     2.2062   -4.45525   -5.83043   -1.33524   0.919817   -3.13813   -4.76537   -3.07316   0.746793    1.45004   -1.48889   -2.91608   -5.32996   -1.63398   0.617048  -0.399276   0.674782    1.61758  -0.566218   0.207741     3.0824    1.39771   -1.08228  -0.822025    0.96174    -0.9026   -2.90144    1.06283    -1.9205   -1.31803   0.563532    1.05612   -2.78179   -1.14481    1.21577  -0.279386    1.20281    1.41542    -3.3788    2.41691  -0.853494  -0.831083   -1.00272   -3.12179   -1.30056  -0.253398
  0.614848   -4.91959    -1.7427    2.42888   -2.26239    3.14313    1.18182  -0.697354    1.82342    1.97426    1.46323    -1.0848   -2.16393    -2.8879   -1.14641   -4.71847   0.155484   0.719616  -0.377293   -4.08532   -3.37235  -0.685324    1.08758  -0.487163   -1.59357   -2.17438   0.722932   0.249351    2.26503   -1.15973   -1.51687   0.381179   -4.76735   -1.48385   -3.63777     1.8134   -1.89012    -2.5143   0.955494   0.140808   -3.85699   -2.64569   -1.68866   -2.98018  0.0976953   0.177934   -3.92381   -3.87252    1.20043  -0.895873  -0.250139   0.302656  -0.703993   -1.88352
 -0.582578   -2.01825    2.19267    2.61945   -1.58254    3.41372   -1.08229   -2.81678   0.614991   -4.50454   -3.42687   -1.39764    2.31738    1.51879   0.776778    2.74782   -1.21498    2.00664   -1.88275     1.1879   -3.99413   -2.02513   0.337364   0.267104   -0.14886   -3.46514   -2.80592  -0.714713    4.38111   0.235441   -1.81294  -0.476953   -3.32175  -0.663123    1.83282    2.84683   -5.11108   -0.83809   -4.61331   -1.08209   -1.36633   0.317049  -0.104338    -2.3161   -2.44215   -2.00534   -4.28348    3.36091     -2.043    -1.2149   0.840079    2.09849   -1.03918  -0.876072
 0.0420325     -1.482   -1.86175    2.94358  -0.710738   -4.77472   -0.96808    -0.2054      6.121    2.92734   -4.08444   -1.30937   -1.55124  0.0481994  -0.363367    3.55817  -0.173046    -4.3449   0.573928   -4.00304   -2.98621   -1.24789   -1.14462   -1.47481   -2.11967   0.566141  -0.296894   -1.71038    3.88256  -0.201061   -1.82879   0.308353   0.659564   -1.66444    1.38845   0.011038   0.340938   -3.52724   -2.82163    3.73282   -3.44867   -2.84341   0.904866   -3.04174   -3.84687   -2.22416   -3.27832    3.54677   0.218461   -1.09372   0.432643   0.330646   -1.55909   -2.50435
 -0.324258   -3.41922  0.0223669   -4.24482    2.94835      3.275  -0.817803    -1.5115  0.0500115    2.77365    1.04322   -1.36196  -0.302307   0.694963   -2.26573    3.20433    1.44205   -3.02793   -1.46043   -2.87066   -3.24294   -2.11672   -1.41121  -0.311038   -1.49875    0.73639   -4.35359  -0.170696    3.80508   0.206551  -0.357036   -1.63126   -4.07079  -0.533976    1.69997   -1.52824   -1.94613   0.507199   -4.27033   0.458393   -2.42982   -3.14898    0.18813   0.271822    1.19292    1.44435   -3.87355   -2.66588  -0.270593   -1.44175   -1.16023   -1.47663   0.291447    1.29467
    -1.313    -1.1151  0.0783834    1.63859   -2.13702   -4.28896  -0.616723   -1.59416    -4.6166   -2.46137    3.67378   -1.02494    -1.8282    1.68838     -1.006   -4.28976    1.80965  -0.445073  -0.730709    -3.4335   -3.27153  -0.648481   -2.67099    1.02437   -1.52093    1.65985   0.877115   -1.45459   0.983033    -2.1102   0.188937    0.93191    4.11291  -0.542865    3.39873   0.870235     1.8575    1.87503    4.62252   -3.24267   -1.44977    4.84009   -5.38765   -5.29369   0.324889   -1.95831     5.4681   -4.21407   -3.23778   -1.40752    1.62859   0.300237   -1.00771  -0.959371
  0.596137   -3.03752  -0.243057   -2.35622   -1.80955    1.91581   -1.11305  -0.865576   -2.16009   -2.24195    2.98214    -0.3681  -0.956719    2.34672    1.22108   -4.46421   -1.28594     1.3322 -0.0680138    3.08457   -5.60434  -0.766755    1.16202   -1.08369    2.42586   -2.55908   -2.17269   -0.39243    2.02337   -1.24275   -1.16729  -0.568259    -4.7149  -0.747148    3.37638     -1.094    4.09793  -0.615728    3.41475   -3.06706 -0.0762184    3.27825  -0.324221     2.7745    3.38252    1.52054    5.19215   -4.31702  -0.270457  -0.567772   -1.70088   -1.99936  -0.851719  -0.502466
  0.207491   -1.83592    1.56602   -2.41488   0.979234   -4.11149  -0.820508    1.59129     -3.637    1.92548   -3.54826   -1.02837  -0.146251    2.62332    1.86954   -4.38509 0.00875566  -0.892333  -0.688611    2.43595   -4.18045    -1.3343  -0.712307 -0.0813648   -1.09238   0.317413    1.82367    2.87623    1.22142   -2.73607   -1.18178    -2.2204    3.59876   0.145034    3.11828  -0.784744   0.488801  -0.523918    4.60855  -0.804439   -2.91897   -5.62503  -0.158795    3.58252   -2.42474   -2.21846    5.47376   0.678698    1.99967   -1.10098   -2.97737   -4.39874  0.0340032   -1.55164
  -1.32751    2.80204   -1.28695   -3.06967   -2.92919   -3.68337   -1.83065   -1.63709   -2.36048    -3.0253    3.73813  -0.545307   0.424564    3.33998   -4.13799     1.9513   -4.48357   -5.28322   0.554594   -4.68362    3.51743  0.0564117    -1.4881   -2.10267    1.63335   -3.18802   0.355073   -2.20133   -5.27437   -1.80645   -1.29314  -0.188253    4.15887  -0.386724    2.15501   0.956336   -1.19603    1.55755   -3.49352   -4.09017   -0.64719    3.61802    3.30303    2.85205   -1.50163  -0.869604    5.76401   -4.21824    1.41824  -0.640759   -3.04966   0.596239  -0.544124   0.191403
  -0.68894   -1.76645   -1.41004   0.359103  -0.151033    0.22222    0.31133   -1.04607   -2.64378   0.274892    2.88258   -0.92415   -2.24633    2.07325     1.3605   0.157212  -0.159827   -1.65047  -0.139376    1.92864    3.08475  -0.651824  -0.008145  -0.319675   -1.42018   -2.00232   -1.15455  -0.226884   -4.81479   -2.73553    0.36907  -0.105753   -3.98342  -0.807037    1.59819  -0.173437      1.726  -0.237819   -3.82997   -1.01169  -0.549883  -0.776388   -1.06161   -2.83651   -1.41901   -2.13252    5.10498   -5.04766   0.434426    -1.1523  -0.354087   0.870518   0.481452    0.12007
 -0.760757    2.86974   -1.21923    -2.2341   -1.22705   -3.95957   -0.67598  -0.600324   -4.06544   -2.90416    -4.1337  -0.192041   0.518216    2.99974    1.89153    1.50602  -0.259094   -2.93213  -0.772208    2.77379    3.15382   -1.03314  -0.831826   -1.16174   0.249177  -0.766161   -1.41151  0.0250353   -3.87597    2.68237   -2.47771  -0.562263    3.98812  0.0382406    2.63046   -2.00421     2.7317   -0.39668   -4.75959   -2.79354  -0.197718    4.19203    1.38938     3.1409   -3.97675   -1.35779    4.53248    0.85936   -1.94054  -0.715002  -0.414043   -2.82339   0.886972   -1.42604
  -2.87688 0.00440531   0.574774   -2.77126   0.825313   -3.56422   -2.18976    2.69294   -2.12742    1.37157     3.5167  -0.672058  -0.129111  -0.931564   -3.87629   -4.27445   -4.89439   -3.20646    -1.0859   -3.26064    3.38264  -0.359376  -0.449115   -1.99854  -0.978725   0.919845    1.16221     2.4142   -3.85146   -2.19023    1.14855   -2.60083    3.85408  -0.797192    -2.3132   -3.31851    1.74181    1.38629    3.09683  -0.343295   -1.54015   -5.36975   -5.43048    3.86629  -0.181811   -1.52957    5.78617   -2.98114    1.62232   -1.50425   -4.24896   -2.04352   -1.51326   -4.98005
  -1.66822   0.499765   -1.87126   -2.10551   -3.08648     1.7128   -1.47333    -1.4613   -3.98119   -2.59391    2.46734  -0.483927  -0.318308    12.9478   0.343404   -4.20666   -1.99462    1.10554  -0.960397    3.52723    3.08793   -1.06686   -2.24325   -2.11391  -0.503403   -5.43968   -3.73756   -1.85472   -3.91796   -2.00297  -0.269683  -0.760313   -4.15631  -0.767679   -2.05889   -6.69185   -1.95646    -0.1501     2.8534    -3.0079   -2.66332    3.43308   -1.32583    3.23307    1.90484     2.7983     4.2689   -3.02633   -3.46603    -1.0498    -3.6506  -0.169705   -1.78839   -3.76449
 -0.854692  -0.037091   -1.27501    1.91453   -2.70834   -4.10774    -0.2727    1.94013   -1.04878   -3.21313   -4.31686  -0.685734     -3.151  -0.642776    1.59604   -4.70929   0.117753   0.853613   -1.07843     2.7309    3.18501 -0.0141823   -2.62833    1.13633   -1.55873    1.08407    2.07946   -3.09576   -3.37967   -3.45436    -2.4031   0.212737    3.37573    -1.2848   -3.78365    1.06846    2.58289   0.519553    4.20313    -1.6207   -2.55277    4.26799   -1.41822   -5.22299  -0.426258   -3.45523    5.43902   0.849841   -4.67046   -1.17279   0.893382   0.975794  -0.857705    2.32127